Epoch: 1, Batch: 10, Avg. Loss: 0.043221086263656616, Content_loss: 0.1607769876718521, Style_loss: 0.21754120290279388, l1: 0.0, l2: 0.053892672061920166

Epoch: 1, Batch: 4050, Avg. Loss: 0.029626255854964256, Content_loss: 0.18949827551841736, Style_loss: 0.06997115910053253, l1: 0.0, l2: 0.036793116480112076