Epoch: 1, Batch: 10, Avg. Loss: 0.5292837619781494, Content_loss: 0.9358539581298828, Style_loss: 4.305051803588867, l1: 0.051932159811258316, l2: 0.0


Epoch: 2, Batch: 4050, Avg. Loss: 0.1442110687494278, Content_loss: 0.8569945693016052, Style_loss: 0.5008099675178528, l1: 0.08430614322423935, l2: 0.0