Epoch: 1, Batch: 10, Avg. Loss: 2.462913751602173, Content_loss: 0.5937430262565613, Style_loss: 20.950212478637695, l1: 0.0, l2: 3.08518123626709

Epoch: 1, Batch: 4050, Avg. Loss: 0.24452291429042816, Content_loss: 1.6750624179840088, Style_loss: 0.6833570003509521, l1: 0.0, l2: 0.0868096798658371