Epoch: 1, Batch: 10, Avg. Loss: 3.129997730255127, Content_loss: 0.5097858905792236, Style_loss: 23.94980239868164, l1: 0.0, l2: 6.840389728546143

Epoch: 1, Batch: 4050, Avg. Loss: 0.2741714119911194, Content_loss: 1.8714746236801147, Style_loss: 0.7067658305168152, l1: 0.0, l2: 0.16347333788871765