Epoch: 1, Batch: 10, Avg. Loss: 0.9101542830467224, Content_loss: 0.08250094205141068, Style_loss: 5.889471530914307, l1: 0.0, l2: 3.1295700073242188

Epoch: 1, Batch: 4050, Avg. Loss: 0.03736823424696922, Content_loss: 0.2736205458641052, Style_loss: 0.06226736679673195, l1: 0.0, l2: 0.03779442980885506