Epoch: 1, Batch: 10, Avg. Loss: 0.03523155674338341, Content_loss: 0.036544319242239, Style_loss: 0.16432949900627136, l1: 0.0, l2: 0.15144172310829163

Epoch: 1, Batch: 4050, Avg. Loss: 0.010376324877142906, Content_loss: 0.04877398908138275, Style_loss: 0.05070566013455391, l1: 0.0, l2: 0.00428359117358923