Epoch: 1, Batch: 10, Avg. Loss: 0.16966566443443298, Content_loss: 0.06308264285326004, Style_loss: 0.6829430460929871, l1: 0.0, l2: 0.950630784034729

Epoch: 1, Batch: 4050, Avg. Loss: 0.019569164142012596, Content_loss: 0.12398528307676315, Style_loss: 0.0599270761013031, l1: 0.0, l2: 0.011779268272221088